594,300 : 627,320
594,300 : 627,280
594,280 : 627,300
594,280 : 627,260
594,260 : 627,280
594,260 : 627,240
594,240 : 627,260
594,240 : 627,220
594,220 : 627,240
594,220 : 627,200
594,200 : 627,220
561,320 : 594,300
561,300 : 594,320
561,300 : 594,280
561,300 : 594,260
561,300 : 594,240
561,280 : 594,300
561,280 : 594,260
561,280 : 594,240
561,260 : 594,300
561,260 : 594,280
561,260 : 594,240
561,260 : 594,220
561,240 : 594,280
561,240 : 594,260
561,240 : 594,220
561,240 : 594,200
561,220 : 594,260
561,220 : 594,240
561,220 : 594,200
561,220 : 594,180
561,200 : 594,240
561,200 : 594,220
561,200 : 594,180
561,180 : 594,220
561,180 : 594,200
561,180 : 594,160
528,320 : 561,300
528,320 : 561,280
528,300 : 561,320
528,300 : 561,280
528,300 : 561,260
528,300 : 561,240
528,280 : 594,260
528,280 : 561,300
528,280 : 561,260
528,280 : 561,240
528,260 : 561,300
528,260 : 561,280
528,260 : 561,240
528,260 : 561,220
528,240 : 594,220
528,240 : 561,280
528,240 : 561,260
528,240 : 561,220
528,240 : 561,200
528,220 : 561,260
528,220 : 561,240
528,220 : 561,200
528,220 : 561,180
528,200 : 561,220
528,200 : 561,180
528,200 : 561,160
528,180 : 561,220
528,180 : 561,200
528,180 : 561,160
528,180 : 561,140
528,160 : 561,200
528,160 : 561,180
528,160 : 561,140
495,320 : 528,340
495,320 : 528,300
495,320 : 528,280
495,300 : 528,320
495,300 : 528,280
495,300 : 528,260
495,280 : 528,320
495,280 : 528,300
495,280 : 528,260
495,280 : 528,240
495,260 : 528,300
495,260 : 528,280
495,260 : 528,240
495,260 : 528,220
495,240 : 528,280
495,240 : 528,260
495,240 : 528,220
495,240 : 528,200
495,220 : 528,260
495,220 : 528,240
495,220 : 528,200
495,220 : 528,180
495,200 : 528,240
495,200 : 528,220
495,200 : 528,180
495,200 : 528,160
495,180 : 528,200
495,180 : 528,160
495,180 : 528,140
495,160 : 561,220
594,300 : 627,320
594,300 : 627,280
594,280 : 627,300
594,280 : 627,260
594,260 : 627,280
594,260 : 627,240
594,240 : 627,260
594,240 : 627,220
594,220 : 627,240
594,220 : 627,200
165,120 : 231,100
264,260 : 297,300
363,180 : 396,200
264,280 : 297,300
528,280 : 594,260
264,260 : 297,280
297,240 : 330,220
264,240 : 297,220
264,240 : 297,260
66,180 : 99,200
0,20 : 33,0
627,20 : 594,0
0,360 : 33,380
627,360 : 594,380
0,40 : 33,0
627,40 : 594,0
0,340 : 33,380
627,340 : 594,380
0,60 : 33,0
627,60 : 594,0
0,20 : 33,0
627,20 : 594,0
0,360 : 33,380
627,360 : 594,380
0,40 : 33,0
627,40 : 594,0
0,340 : 33,380
627,340 : 594,380
0,60 : 33,0
627,60 : 594,0
0,320 : 33,380
627,320 : 594,380
0,20 : 66,0
627,20 : 561,0
0,40 : 66,0
627,40 : 561,0
0,60 : 66,0
627,60 : 561,0
0,320 : 66,380
627,320 : 561,380
0,340 : 66,380
627,340 : 561,380
0,360 : 66,380
627,360 : 561,380
0,80 : 33,0
0,80 : 66,0
627,80 : 561,0
627,80 : 594,0
0,300 : 33,380
0,300 : 66,380
627,300 : 561,380
627,300 : 594,380
0,20 : 99,0
627,20 : 528,0
0,40 : 99,0
627,40 : 528,0
0,60 : 99,0
627,60 : 528,0
0,80 : 99,0
627,80 : 528,0
0,300 : 99,380
627,300 : 528,380
0,320 : 99,380
627,320 : 528,380
0,340 : 99,380
627,340 : 528,380
0,360 : 99,380
627,360 : 528,380
627,280 : 528,380
627,280 : 561,380
0,100 : 33,0
0,100 : 66,0
0,100 : 99,0
627,100 : 528,0
627,100 : 561,0
627,100 : 594,0
0,280 : 33,380
0,280 : 66,380
0,280 : 99,380
627,280 : 594,380
627,260 : 528,380
627,260 : 561,380
627,260 : 594,380
0,120 : 33,0
0,120 : 66,0
0,120 : 99,0
627,120 : 528,0
627,120 : 561,0
627,120 : 594,0
0,260 : 33,380
0,260 : 66,380
0,260 : 99,380
627,260 : 495,380
627,280 : 495,380
0,20 : 132,0
627,20 : 495,0
0,40 : 132,0
627,40 : 495,0
0,60 : 132,0
627,60 : 495,0
0,80 : 132,0
627,80 : 495,0
0,100 : 132,0
627,100 : 495,0
0,120 : 132,0
627,120 : 495,0
0,260 : 132,380
0,280 : 132,380
0,300 : 132,380
627,300 : 495,380
0,320 : 132,380
627,320 : 495,380
0,340 : 132,380
627,340 : 495,380
0,360 : 132,380
627,360 : 495,380
627,220 : 462,380
627,240 : 495,380
627,240 : 528,380
627,240 : 561,380
0,20 : 33,0
627,20 : 594,0
0,360 : 33,380
627,360 : 594,380
0,40 : 33,0
627,40 : 594,0
0,340 : 33,380
627,340 : 594,380
0,60 : 33,0
627,60 : 594,0
0,320 : 33,380
627,320 : 594,380
0,20 : 66,0
627,20 : 561,0
0,40 : 66,0
627,40 : 561,0
0,60 : 66,0
627,60 : 561,0
0,320 : 66,380
627,320 : 561,380
0,340 : 66,380
627,340 : 561,380
0,360 : 66,380
627,360 : 561,380
0,80 : 33,0
0,80 : 66,0
627,80 : 561,0
627,80 : 594,0
0,300 : 33,380
0,300 : 66,380
627,300 : 561,380
627,300 : 594,380
0,20 : 99,0
627,20 : 528,0
0,40 : 99,0
627,40 : 528,0
0,60 : 99,0
627,60 : 528,0
0,80 : 99,0
627,80 : 528,0
0,300 : 99,380
627,300 : 528,380
0,320 : 99,380
627,320 : 528,380
0,340 : 99,380
627,340 : 528,380
0,360 : 99,380
627,360 : 528,380
627,280 : 528,380
627,280 : 561,380
0,100 : 33,0
0,100 : 66,0
0,100 : 99,0
627,100 : 528,0
627,100 : 561,0
627,100 : 594,0
0,280 : 33,380
0,280 : 66,380
0,280 : 99,380
627,280 : 594,380
627,260 : 528,380
627,260 : 561,380
627,260 : 594,380
0,120 : 33,0
0,120 : 66,0
0,120 : 99,0
627,120 : 528,0
627,120 : 561,0
627,120 : 594,0
0,260 : 33,380
0,260 : 66,380
0,260 : 99,380
627,260 : 495,380
627,280 : 495,380
0,20 : 132,0
627,20 : 495,0
0,40 : 132,0
627,40 : 495,0
0,60 : 132,0
627,60 : 495,0
0,80 : 132,0
627,80 : 495,0
0,100 : 132,0
627,100 : 495,0
0,120 : 132,0
627,120 : 495,0
0,260 : 132,380
0,280 : 132,380
0,300 : 132,380
627,300 : 495,380
0,320 : 132,380
627,320 : 495,380
0,340 : 132,380
627,340 : 495,380
0,360 : 132,380
627,360 : 495,380
627,220 : 462,380
627,240 : 495,380
627,240 : 528,380
627,240 : 561,380
0,220 : 627,300
0,140 : 627,280
0,240 : 627,320
627,240 : 0,260
0,160 : 627,260
627,220 : 0,240
0,220 : 627,260
627,140 : 0,200
0,200 : 627,300
627,200 : 0,280
0,240 : 627,340
0,120 : 627,260
0,160 : 627,180
0,180 : 627,360
0,140 : 627,260
0,220 : 627,240
0,220 : 627,320
0,120 : 627,200
0,140 : 627,180
0,180 : 627,200
0,200 : 627,320
0,100 : 627,300
0,160 : 627,280
627,220 : 0,260
0,100 : 627,320
0,200 : 627,340
627,200 : 0,260
0,220 : 627,280
0,100 : 627,260
0,140 : 627,200
0,240 : 627,300
0,120 : 627,300
0,240 : 627,280
0,180 : 627,260
0,180 : 627,340
627,180 : 0,280
0,200 : 627,260
0,260 : 627,300
0,100 : 627,280
627,200 : 0,240
0,240 : 627,260
0,260 : 627,280
0,120 : 627,240
0,180 : 627,320
0,120 : 627,220
0,140 : 627,240
0,160 : 627,200
0,160 : 627,220
0,160 : 627,240
0,180 : 594,380
0,200 : 627,240
627,220 : 0,320
0,200 : 627,220
198,0 : 363,380
0,140 : 627,340
627,160 : 0,200
0,180 : 627,220
0,160 : 528,380
627,160 : 0,300
627,180 : 0,260
627,220 : 0,300
627,340 : 33,0
0,100 : 627,360
0,140 : 627,220
0,140 : 627,300
0,160 : 594,380
627,180 : 0,300
627,240 : 0,280
231,0 : 297,380
627,160 : 0,260
627,220 : 0,280
627,260 : 0,340
231,380 : 363,0
264,380 : 330,0
0,100 : 627,240
0,120 : 627,180
0,160 : 495,380
0,200 : 627,360
0,240 : 627,360
0,20 : 627,300
0,60 : 627,280
0,80 : 594,380
0,120 : 627,340
0,160 : 627,360
627,180 : 0,240
0,80 : 627,180
0,140 : 627,320
0,180 : 627,240
0,200 : 561,380
231,0 : 330,380
264,0 : 330,380
297,380 : 330,0
0,60 : 627,340
0,80 : 627,280
0,80 : 561,380
0,140 : 495,380
0,160 : 627,380
0,160 : 627,380
0,180 : 627,280
627,180 : 0,200
0,220 : 627,300
0,140 : 627,280
0,240 : 627,320
627,240 : 0,260
0,160 : 627,260
627,220 : 0,240
0,220 : 627,260
627,140 : 0,200
627,200 : 0,280
0,240 : 627,340
0,200 : 627,300
0,120 : 627,260
0,160 : 627,180
0,180 : 627,360
0,140 : 627,260
0,220 : 627,240
0,200 : 627,320
0,220 : 627,320
0,100 : 627,300
0,120 : 627,200
0,140 : 627,180
0,160 : 627,280
0,180 : 627,200
627,220 : 0,260
0,200 : 627,340
627,200 : 0,260
0,220 : 627,280
0,100 : 627,320
0,240 : 627,300
0,100 : 627,260
0,140 : 627,200
0,240 : 627,280
0,120 : 627,300
0,180 : 627,340
627,180 : 0,280
0,260 : 627,300
0,180 : 627,260
0,200 : 627,260
627,200 : 0,240
0,100 : 627,280
0,240 : 627,260
0,260 : 627,280
0,120 : 627,240
0,160 : 627,240
0,180 : 627,320
0,180 : 594,380
0,200 : 627,240
0,120 : 627,220
0,140 : 627,240
0,160 : 627,200
0,160 : 627,220
0,200 : 627,220
627,220 : 0,320
0,140 : 627,340
0,180 : 627,220
198,0 : 363,380
0,160 : 528,380
627,160 : 0,200
627,340 : 33,0
0,140 : 627,220
0,140 : 627,300
627,160 : 0,300
627,180 : 0,260
627,220 : 0,300
0,100 : 627,360
0,160 : 594,380
627,160 : 0,260
627,180 : 0,300
627,220 : 0,280
627,240 : 0,280
231,0 : 297,380
231,380 : 363,0
0,120 : 627,180
0,160 : 495,380
0,200 : 627,360
0,240 : 627,360
627,260 : 0,340
264,380 : 330,0
0,20 : 627,300
0,60 : 627,280
0,100 : 627,240
0,160 : 627,360
0,80 : 594,380
0,120 : 627,340
0,140 : 627,320
627,180 : 0,240
0,200 : 561,380
231,0 : 330,380
0,80 : 627,180
0,80 : 561,380
0,180 : 627,240
0,180 : 627,280
627,180 : 0,200
0,200 : 627,280
0,200 : 594,380
627,200 : 330,380
627,340 : 66,0
264,0 : 330,380
297,380 : 330,0
0,60 : 627,200
0,220 : 627,300
0,140 : 627,280
0,240 : 627,320
627,220 : 0,240
627,140 : 0,200
0,240 : 627,340
0,200 : 627,300
0,120 : 627,260
0,160 : 627,260
0,220 : 627,260
0,160 : 627,180
627,240 : 0,260
0,120 : 627,200
0,220 : 627,320
0,140 : 627,260
0,160 : 627,280
0,140 : 627,200
0,200 : 627,320
0,100 : 627,260
0,180 : 627,200
0,240 : 627,300
627,200 : 0,280
0,240 : 627,280
0,140 : 627,180
0,160 : 627,200
0,200 : 627,240
0,220 : 627,280
0,200 : 627,260
0,180 : 627,360
0,180 : 627,260
0,260 : 627,300
0,100 : 627,300
0,120 : 627,240
0,200 : 627,340
0,220 : 627,240
0,80 : 627,180
0,140 : 627,240
627,200 : 0,240
0,240 : 627,360
0,260 : 627,280
0,100 : 627,240
0,120 : 627,180
0,160 : 627,240
0,180 : 627,320
0,180 : 627,340
0,160 : 627,220
0,120 : 627,220
0,180 : 627,220
0,60 : 627,200
0,140 : 627,300
627,200 : 0,260
0,180 : 627,280
198,0 : 363,380
0,100 : 627,280
0,200 : 627,360
0,220 : 627,360
627,220 : 0,260
297,380 : 330,0
0,200 : 627,220
0,100 : 627,200
0,100 : 627,320
0,260 : 627,320
0,140 : 627,220
0,140 : 627,340
0,200 : 627,280
0,180 : 627,240
0,240 : 627,260
0,100 : 627,180
0,120 : 627,300
0,140 : 627,320
0,220 : 627,380
627,220 : 0,320
0,180 : 627,300
297,0 : 330,380
0,20 : 627,300
0,140 : 627,160
0,160 : 627,360
0,200 : 627,380
0,80 : 627,280
0,40 : 627,200
0,60 : 627,280
0,80 : 627,200
0,120 : 627,280
0,220 : 627,340
0,120 : 627,340
0,80 : 627,300
0,120 : 627,320
0,160 : 528,380
0,60 : 627,260
0,80 : 627,260
0,160 : 627,300
0,160 : 627,340
0,200 : 561,380
0,160 : 627,380
627,180 : 0,200
627,180 : 0,280
627,220 : 0,280
0,20 : 627,260
0,200 : 528,380
627,220 : 99,0
